0,508
4,8
4,7
4,6
4,1
4,9
4,2
4,5
13,14
13,13
16,6
13,12
13,10
13,9
13,17
10,11
11,6
11,2
11,1
11,5
12,6
12,2
12,1
12,5
28,10
28,9
28,8
28,7
28,6
28,2
28,1
28,5
10,10
10,9
10,8
10,7
10,6
10,32
10,24
10,28
10,40
10,34
10,30
10,1
10,22
10,2
10,5
19,10
19,9
19,8
19,7
19,6
19,2
19,1
19,5
20,2
20,1
20,5
14,7
14,6
14,1
14,8
14,2
14,5
21,7
21,6
21,2
21,1
21,5
15,7
15,6
15,1
15,8
15,2
15,5
17,8
17,7
17,6
17,2
17,1
17,5
18,7
18,6
18,2
18,1
18,5
13,38
13,130
13,40
13,50
13,134
13,62
13,8
13,59
13,31
13,47
13,133
13,128
13,22
13,7
13,19
13,129
13,131
13,60
13,53
13,6
13,16
13,51
13,61
13,35
13,71
13,57
13,54
13,1
13,18
13,2
13,5
16,8
16,1
16,7
16,2
16,5
8,7
8,6
8,2
8,1
8,5
5,6
5,2
5,1
5,5
0,340
6,6
6,2
6,1
6,5
0,308
0,305
2,2
2,1
2,5
0,311
0,310
0,0
0,307
0,306
0,13
0,339
0,11
0,9
79,34
79,33
79,32
79,31
79,30
79,29
79,28
79,27
79,26
79,25
79,24
79,23
79,22
79,21
79,20
79,19
79,18
79,17
79,16
79,15
79,14
79,13
79,12
79,11
79,10
79,9
79,8
79,7
79,6
79,5
79,4
79,3
79,2
79,0
0,484
0,469
0,303
0,483
0,468
0,302
0,467
0,301
0,466
0,300
0,482
0,465
0,299
0,481
0,464
0,298
0,480
